[0, 55]    0.62637419
[0, 55], [85:90]   0.632306916577
[0, 55], [85:100]  0.646647524329
[0, 55], [85:100], [110:115]  0.651067566158
[0, 55], [85:100], [110:115], [130:135]  0.652951579491
[0, 55], [85:100], [110:115], [130:135], [165:170]  0.653977416679
[0, 55], [85:100], [110:115], [130:135], [165:170], [190:195] 0.656766799636
[0, 55], [85:100], [110:115], [130:135], [165:170], [190:195],[200:205] 0.663869418129
[0, 55], [85:100], [110:115], [130:135], [165:170], [190:195],[200:205],[215:220] 0.66613097929
[0, 55], [85:100], [110:115], [130:135], [165:170], [190:195],[200:205],[215:220],[225:230] 0.666750704176


0.747835 种子1220
[292, 779, 747, 75, 803, 366, 956, 137, 142, 58, 192, 790, 963, 619, 604, 445, 160, 596, 952, 733, 701, 94, 208, 1007, 953, 434, 226, 143, 101, 164, 78, 135, 151, 34, 119, 572, 223, 97, 59, 955, 120, 570, 841, 130, 835, 697, 657, 345, 213, 854, 577, 194, 157, 621, 21, 784, 149, 199, 138, 122, 837, 108, 665, 33, 6, 171, 394, 189, 209, 622, 537, 506, 495, 140, 73, 144, 728, 358, 646, 129, 50, 382, 502, 17, 304, 159, 174, 576, 355, 53, 185, 110, 356, 230, 1036, 45, 542, 880, 562, 742, 291, 148, 776, 294, 102, 430, 958, 446, 127, 568, 214, 428, 153, 1067, 400, 22, 921, 1041, 991, 493]

0.763854 种子1000
[292, 362, 779, 363, 367, 5, 147, 566, 92, 618, 747, 803, 152, 64, 28, 964, 142, 483, 192, 790, 57, 604, 52, 335, 405, 445, 1, 240, 27, 564, 188, 91, 234, 858, 733, 161, 7, 190, 225, 603, 701, 98, 121, 498, 864, 94, 233, 1007, 783, 124, 24, 666, 54, 135, 750, 19, 163, 218, 832, 973, 119, 398, 287, 97, 223, 59, 959, 494, 120, 170, 13, 130, 141, 90, 181, 245, 179, 172, 194, 86, 351, 580, 473, 157, 283, 784, 968, 0, 131, 138, 167, 837, 6, 506, 495, 821, 365, 140, 778, 780, 132, 613, 358, 103, 695, 382, 270, 17, 239, 526, 126, 185, 51, 109, 777, 487, 224, 458, 874, 76, 1041, 991, 988, 1115, 395, 384, 1613, 602, 1089, 830, 429, 989, 387, 844, 1116, 614, 945, 927, 573, 401]

0.752269 种子0
[292, 362, 779, 363, 5, 566, 747, 75, 803, 956, 142, 58, 483, 251, 445, 1, 564, 93, 188, 12, 858, 158, 701, 98, 94, 470, 208, 1007, 953, 217, 434, 164, 666, 54, 151, 34, 295, 66, 210, 269, 959, 360, 130, 141, 181, 834, 403, 954, 854, 968, 663, 122, 837, 108, 191, 506, 96, 111, 495, 486, 382, 775, 270, 502, 17, 178, 1035, 227, 378, 304, 356, 764, 230, 145, 562, 861, 291, 204, 229, 868, 55, 253, 563, 84, 39, 574, 180, 686, 446, 153, 392, 35, 1067, 565, 709, 524, 195, 529, 305, 602, 328, 1089, 521, 863, 989, 588, 1084, 878, 966, 244, 1719, 422, 744, 932, 684, 607, 243, 334, 471, 448, 819, 633, 241, 724, 1736, 1105, 1578, 552, 916]

